[
   [[[ 0.68200834  0.34729966  0.29663121]
      [ 0.58891453 -0.28505288 -0.3562735 ]
      [ 0.58600082 -0.60253209 -0.8596044 ]]]


   [[[ 0.30278148  0.37894867 -0.35433128]
      [ 0.43074068  0.15938921  0.41610867]
      [-0.13918974 -0.15607528  0.6227991 ]]]


   [[[-0.36809554 -0.16522284 -0.21297057]
      [-0.45941671  0.37266221  0.0124749 ]
      [ 0.26785051  0.55722139  0.32008454]]]


   [[[ 0.43841062 -0.22586428 -0.22327203]
      [ 0.17417614  0.42134705  0.3184906 ]
      [-0.43581555 -0.33635529  0.31057432]]]


   [[[-0.04820965 -0.25761064 -0.64369271]
      [ 0.56170318  0.4528284   0.15715565]
      [-0.45044469  0.19545222  0.19171233]]]


   [[[ 0.24640434  0.49442115  0.48134435]
      [-0.15545745  0.39924824  0.5104575 ]
      [-0.5322519   0.39196269 -0.02926805]]]


   [[[-0.01638688 -0.38820132  0.12987773]
      [ 0.04376294  0.42943388  0.34309549]
      [-0.0300726   0.06869112  0.33024611]]]


   [[[-0.42975398  0.42545067 -0.24587551]
      [-0.43540165 -0.42398321 -0.04406932]
      [-0.48904118 -0.4168145  -0.62996503]]]


   [[[-0.55098951 -0.38025014  0.10539602]
      [-0.36316463 -0.04477071 -0.00773275]
      [ 0.17860562  0.10597039  0.58560726]]]


   [[[ 0.19999566 -0.14404205  0.48308999]
      [-0.1172033  -0.28365827  0.39195655]
      [ 0.28531822 -0.50103656 -0.4280328 ]]]


   [[[-0.2011688   0.42755511  0.47037604]
      [ 0.27776344 -0.33185846 -0.05016586]
      [-0.16483157  0.34447239  0.47497927]]]


   [[[-0.63612926 -0.18675081  0.20712519]
      [ 0.20748946  0.20859231 -0.11150485]
      [ 0.32792095  0.58057847  0.07996194]]]


   [[[-0.23272701  0.42835704  0.57715448]
      [-0.154758    0.44910955  0.2494801 ]
      [ 0.37811477  0.01655936  0.16155209]]]


   [[[-0.53352905 -0.03559949 -0.2489772 ]
      [-0.51685619  0.26254879  0.18822233]
      [-0.29348171 -0.11646406  0.65913631]]]


   [[[ 0.34820574 -0.06865329  0.05067335]
      [-0.10719813  0.41832052  0.40467253]
      [ 0.16797759 -0.46623223  0.03557735]]]


   [[[-0.63606637 -0.66656539  0.06842706]
      [-0.17277371 -0.22021404 -0.57633197]
      [ 0.32548569  0.58392049 -0.09074237]]]


   [[[ 0.32751675  0.16373224  0.83854846]
      [-0.2317552  -0.3955249   0.20889605]
      [-0.3871181  -0.46377892  0.08872732]]]


   [[[-0.56683961 -0.29557223  0.09878901]
      [-0.0185723  -0.1785732   0.22879352]
      [-0.53790265 -0.18821914 -0.2461143 ]]]


   [[[-0.57621646 -0.44134406 -0.17926903]
      [-0.29748481  0.08693846  0.35613339]
      [-0.41938604  0.21482768 -0.14246021]]]


   [[[-0.50489106  0.47279453  0.53422437]
      [-0.12963365  0.34995573  0.27630569]
      [-0.04131991 -0.26735343 -0.18327602]]]


   [[[ 0.10873036 -0.53758259  0.20069853]
      [ 0.38440432  0.08620732  0.11827599]
      [ 0.38165565  0.36634624 -0.2854295 ]]]


   [[[ 0.56268116  0.41392201 -0.57790778]
      [-0.10536372  0.25696264 -0.49377774]
      [-0.3176983  -0.61153836 -0.31946364]]]


   [[[ 0.34275165  0.33830254  0.22990621]
      [ 0.46577513  0.49537941 -0.04885018]
      [-0.00591686 -0.08474964  0.01764668]]]


   [[[ 0.55087106  0.41140585 -0.13077127]
      [-0.18360957  0.3864039  -0.42307505]
      [ 0.3501662  -0.20097333 -0.304333  ]]]


   [[[-0.1467563  -0.34560281  0.34020268]
      [ 0.47454493  0.35309751 -0.30014238]
      [ 0.2621797   0.52022293 -0.4819291 ]]]


   [[[-0.27901572 -0.63983073 -0.43278419]
      [-0.12421282 -0.06164553  0.33709595]
      [ 0.26395553  0.60594365  0.46185865]]]


   [[[ 0.3214165  -0.20989004 -0.62849315]
      [ 0.06777501  0.37960607 -0.27122933]
      [-0.37079556  0.39610156  0.30543097]]]


   [[[ 0.26007417  0.41855682 -0.44953012]
      [-0.36956472 -0.23667775 -0.501779  ]
      [-0.48400641 -0.50615384 -0.42468427]]]


   [[[ 0.63661503 -0.19555964 -0.53614317]
      [ 0.37715953  0.24636088 -0.55910852]
      [ 0.01562325 -0.25054054  0.50232464]]]


   [[[-0.03987246  0.03235232 -0.06593053]
      [ 0.50130472  0.38903716 -0.08031439]
      [ 0.52023343 -0.14695898 -0.19680567]]]


   [[[-0.19785261 -0.54777388 -0.26044384]
      [-0.51401731 -0.21915901 -0.42291313]
      [ 0.20240419  0.05661026 -0.14095468]]]


   [[[ 0.06435944 -0.20475636  0.21409943]
      [ 0.25189814  0.24474001  0.05011609]
      [-0.58740144 -0.48440885 -0.66523965]]]
]