[[    0.         0.         0.         0.         0.         0.         0.
      0.         0.         0.         0.         0.         0.         0.
      0.         0.         0.         0.         0.         0.    ]
 [    0.         0.       105.955    106.217     95.1008    95.1008
     95.1008    95.1008    95.1008    95.1008    91.9568    91.9568
     80.8095   136.91     372.2915   784.6968   952.3992   946.1376
    930.2943   173.5759]
 [    0.        35.9964   698.4604   708.2324   706.7888   706.7888
    706.7888   706.7888   706.7888   706.7888   710.0288   768.6728
   1066.4568  1546.5943  1837.0567  1875.6346  1820.392   1820.392
   1886.8959   677.3793]
 [  140.6428   881.8228  1913.8428  1912.9308  1910.9728  1910.9728
   1910.9728  1910.9728  1910.6136  1835.2107  1878.399   1908.6794
   1879.1186  1851.3727  1778.1874  1310.7719   918.528    918.528
    884.5984   161.4097]
 [  143.1332   318.8637  1084.4089  1111.5292  1102.7032  1102.7032
   1102.7032  1102.7032  1264.1489  1856.2067  1744.9678  1193.8613
    874.6766   545.7238   197.299    111.5485   190.2264   190.2264
    127.7475    31.9771]
 [    0.         0.         0.         0.         0.         0.         0.
      0.       263.2944  1867.8848  1615.8184   122.9912     0.         0.
      0.         0.         0.         0.         0.         0.    ]
 [    0.         0.         0.         0.         0.         0.         0.
      0.       263.2944  1867.8848  1615.8184   122.9912     0.         0.
      0.         0.         0.         0.         0.         0.    ]
 [    0.         0.         0.         0.         0.         0.         0.
      0.       263.2944  1867.8848  1615.8184   122.9912     0.         0.
      0.         0.         0.         0.         0.         0.    ]
 [    0.         0.         0.         0.         0.         0.         0.
      0.       263.2944  1867.8848  1615.8184   122.9912     0.         0.
      0.         0.         0.         0.         0.         0.    ]
 [    0.         0.         0.         0.         0.         0.         0.
      0.       263.2944  1867.8848  1615.8184   122.9912     0.         0.
      0.         0.         0.         0.         0.         0.    ]
 [    0.         0.         0.         0.         0.         0.         0.
      0.       263.2944  1867.8848  1615.8184   122.9912     0.         0.
      0.         0.         0.         0.         0.         0.    ]
 [    0.         0.         0.         0.         0.         0.         0.
      0.       322.3664  1876.5346  1640.8244    60.0572     0.         0.
      0.         0.         0.         0.         0.         0.    ]
 [    0.         0.         0.         0.         0.         0.         0.
      0.       201.2254  1882.9586  1727.1738    77.4912     0.         0.
      0.         0.         0.         0.         0.         0.    ]
 [    0.         0.         0.         0.         0.         0.         0.
      0.       117.0604  1826.3888  1861.2428   188.3534     0.         0.
      0.         0.         0.         0.         0.         0.    ]
 [    0.         0.         0.         0.         0.         0.         0.
      0.       140.3594  1632.3912  1863.0488   279.7761     0.         0.
      0.         0.         0.         0.         0.         0.    ]
 [    0.         0.         0.         0.         0.         0.         0.
      0.       122.9912  1615.8184  1867.8848   263.2944     0.         0.
      0.         0.         0.         0.         0.         0.    ]
 [    0.         0.         0.         0.         0.         0.         0.
      0.       122.9912  1615.8184  1867.8848   263.2944     0.         0.
      0.         0.         0.         0.         0.         0.    ]
 [    0.         0.         0.         0.         0.         0.         0.
      0.       125.0378  1415.2041  1858.2582   209.893      0.         0.
      0.         0.         0.         0.         0.         0.    ]
 [    0.         0.         0.         0.         0.         0.         0.
      0.       136.8038   307.1665   289.8469   131.671      0.         0.
      0.         0.         0.         0.         0.         0.    ]
 [    0.         0.         0.         0.         0.         0.         0.
      0.         0.         0.         0.         0.         0.         0.
      0.         0.         0.         0.         0.         0.    ]]