[
  [
    [
      [-0.70786136 -0.70786136 -0.70786136 -0.70786136 -0.70786136 -0.70786136
         0.2733638   0.63377726  0.34688526 -0.0234691  -0.39983192 -0.54612118
        -0.51413065 -0.63153249 -0.70786136 -0.70786136 -0.70786136 -0.70786136
        -0.70786136 -0.70786136]
       [-0.70786136 -0.70786136 -0.70786136 -0.70786136 -0.70786136 -0.61957783
         1.82389331  1.87580943  1.88300061  1.85574317  1.69605851  1.13483095
         0.27360702 -0.4910723  -0.70786136 -0.70786136 -0.70786136 -0.70786136
        -0.70786136 -0.70786136]
       [-0.70786136 -0.70786136 -0.70786136 -0.70786136 -0.70786136 -0.70786136
         0.27069819  0.61513364  0.88715142  1.41760397  1.89531434  1.88229823
         1.83369565  1.86771333  1.19812381  0.38205019 -0.29519233 -0.54135257
        -0.70786136 -0.70786136]
       [-0.70786136 -0.70786136 -0.70786136 -0.70786136 -0.70786136 -0.70786136
        -0.57302678 -0.59452319 -0.3296774  -0.50958401 -0.27819964  0.40016559
         1.24823189  1.86159861  1.83789647  1.84133136  1.54877687 -0.43107638
        -0.70786136 -0.70786136]
       [-0.70786136 -0.70786136 -0.70786136 -0.70786136 -0.70786136 -0.70786136
        -0.70786136 -0.70786136 -0.70786136 -0.70786136 -0.70786136 -0.70786136
        -0.48787791  0.08080544  1.89372265  1.83933806  1.25565434 -0.4751409
        -0.70786136 -0.70786136]
       [-0.70786136 -0.70786136 -0.70786136 -0.70786136 -0.70786136 -0.70786136
        -0.70786136 -0.70786136 -0.70786136 -0.70786136 -0.70786136 -0.6319927
         0.77869362  1.84520483  1.89379966  1.42003489 -0.228898   -0.53778708
        -0.70786136 -0.70786136]
       [-0.70786136 -0.70786136 -0.70786136 -0.70786136 -0.70786136 -0.70786136
        -0.70786136 -0.70786136 -0.55077308 -0.60340035  0.07280767  1.58529317
         1.87319517  1.82591021  0.63166654 -0.52867711 -0.70786136 -0.70786136
        -0.70786136 -0.70786136]
       [-0.70786136 -0.70786136 -0.70786136 -0.70786136 -0.70786136 -0.70786136
        -0.70786136 -0.70786136 -0.13937339  0.91890925  1.80555344  1.87640679
         1.43087327 -0.05370275 -0.56262112 -0.62347168 -0.70786136 -0.70786136
        -0.70786136 -0.70786136]
       [-0.70786136 -0.70786136 -0.70786136 -0.70786136 -0.70786136 -0.70786136
        -0.4533048   0.70893478  1.87587488  1.82300091  1.87880242  0.81492424
        -0.3723956  -0.36748213 -0.10451046  0.02812869  0.06787502 -0.46066272
        -0.70786136 -0.70786136]
       [-0.70786136 -0.70786136 -0.70786136 -0.70786136 -0.70786136 -0.70786136
         0.92886919  1.90294075  1.82300091  1.82869577  1.87253821  1.91918623
         1.86901343  1.86901343  1.82251894  1.84175146  1.92219925  0.74218959
        -0.70786136 -0.70786136]
       [-0.70786136 -0.70786136 -0.70786136 -0.70786136 -0.70786136 -0.70786136
         0.42314148  1.52413237  1.50748038  1.50748038  1.51018441  1.50034666
         1.53238761  1.70410633  1.82348931  1.84645581  1.8460573   0.11756031
        -0.70786136 -0.70786136]
       [-0.70786136 -0.70786136 -0.70786136 -0.70786136 -0.70786136 -0.70786136
        -0.4427754  -0.42481604 -0.53818661 -0.53818661 -0.53440523 -0.36287534
         0.72484756  1.86572242  1.86805165  1.46939838 -0.09130426 -0.50241065
        -0.70786136 -0.70786136]
       [-0.70786136 -0.70786136 -0.70786136 -0.70786136 -0.70786136 -0.70786136
        -0.70786136 -0.70786136 -0.56905913 -0.51385641  0.45067972  1.68701363
         1.87282825  1.84850895  0.73288518 -0.47973871 -0.70786136 -0.70786136
        -0.70786136 -0.70786136]
       [-0.70786136 -0.70786136 -0.70786136 -0.70786136 -0.70786136 -0.70786136
        -0.70786136 -0.70786136  0.21160688  1.55409479  1.82566571  1.85468328
         1.18180108 -0.10578863 -0.55605572 -0.61794376 -0.70786136 -0.70786136
        -0.70786136 -0.70786136]
       [-0.70786136 -0.70786136 -0.70786136 -0.70786136 -0.55457383 -0.57754999
        -0.05821877  1.17307389  1.84711504  1.83168209  1.40998948  0.1530951
        -0.52848685 -0.60691947 -0.40498516 -0.5260554  -0.70786136 -0.70786136
        -0.70786136 -0.70786136]
       [-0.70786136 -0.70786136 -0.70786136 -0.70786136 -0.05242555  0.92094064
         1.83670604  1.88152361  1.64804077  0.7590189   0.28218657  0.62473267
         1.03504729  1.10890234  1.76502013  0.37318552 -0.70786136 -0.70786136
        -0.70786136 -0.70786136]
       [-0.70786136 -0.70786136 -0.50208539  0.68040848  1.86272407  1.8184967
         1.83866739  1.83866739  1.85541773  1.85781825  1.87641644  1.88435864
         1.8445313   1.82818067  1.91118336  0.59833384 -0.70786136 -0.70786136
        -0.70786136 -0.70786136]
       [-0.70786136 -0.70786136 -0.53818399  1.25150204  1.83221924  1.82613945
         1.83866739  1.83866739  1.71710753  1.41720283  1.08726346  0.68552142
         0.3354739   0.17185061 -0.26777893 -0.55632752 -0.70786136 -0.70786136
        -0.70786136 -0.70786136]
       [-0.70786136 -0.70786136 -0.64403844 -0.3639347   0.05221237  0.05221237
        -0.13789822 -0.53651625 -0.70786136 -0.70786136 -0.70786136 -0.70786136
        -0.70786136 -0.70786136 -0.70786136 -0.70786136 -0.70786136 -0.70786136
        -0.70786136 -0.70786136]
       [-0.70786136 -0.70786136 -0.67490762 -0.64403844 -0.54787558 -0.54787558
        -0.66024697 -0.63743025 -0.70786136 -0.70786136 -0.70786136 -0.70786136
        -0.70786136 -0.70786136 -0.70786136 -0.70786136 -0.70786136 -0.70786136
        -0.70786136 -0.70786136]
    ]
  ]
]








    SECOND X SHAPE IN 2nd CONVOLVED LAYER


[
  [
    [[  0.00000000e+00   0.00000000e+00   0.00000000e+00 ...,
      0.00000000e+00   0.00000000e+00   0.00000000e+00]
       [  0.00000000e+00   0.00000000e+00   0.00000000e+00 ...,
          0.00000000e+00   1.77389494e-01   2.21451585e-01]
       [  0.00000000e+00   0.00000000e+00   0.00000000e+00 ...,
          0.00000000e+00   1.21237942e+00   8.29932325e-01]
       ..., 
       [  0.00000000e+00   0.00000000e+00   5.74269399e-02 ...,
          0.00000000e+00   1.21237942e+00   8.29932325e-01]
       [  0.00000000e+00   0.00000000e+00   8.93323240e-01 ...,
          8.36516018e-01   1.66819320e+00   1.03990609e+00]
       [  0.00000000e+00   1.90934956e-01   8.18726613e-01 ...,
          7.99415695e-01   1.21422303e+00   7.87713848e-01]]

    [[  0.00000000e+00   0.00000000e+00   0.00000000e+00 ...,
          0.00000000e+00   4.12926803e-02   3.09535804e-01]
       [  0.00000000e+00   0.00000000e+00   0.00000000e+00 ...,
          0.00000000e+00   0.00000000e+00   1.49885553e-02]
       [  0.00000000e+00   0.00000000e+00   0.00000000e+00 ...,
          0.00000000e+00   0.00000000e+00   0.00000000e+00]
       ..., 
       [  0.00000000e+00   0.00000000e+00   0.00000000e+00 ...,
          0.00000000e+00   0.00000000e+00   0.00000000e+00]
       [  0.00000000e+00   0.00000000e+00   0.00000000e+00 ...,
          0.00000000e+00   0.00000000e+00   0.00000000e+00]
       [  1.57245424e-01   2.67725083e-01   0.00000000e+00 ...,
          0.00000000e+00   0.00000000e+00   0.00000000e+00]]

    [[  4.51301210e-01   5.68256076e-01   7.19009711e-01 ...,
          7.19009711e-01   4.58449102e-01   3.41494236e-01]
       [  7.76504551e-01   6.29666235e-01   7.71589367e-01 ...,
          7.71589367e-01   1.85825417e-01   3.32663733e-01]
       [  5.86903523e-01   4.56297161e-02   0.00000000e+00 ...,
          0.00000000e+00   0.00000000e+00   1.06088256e-01]
       ..., 
       [  5.86903523e-01   4.56297161e-02   0.00000000e+00 ...,
          0.00000000e+00   0.00000000e+00   1.06088256e-01]
       [  3.26342914e-01   0.00000000e+00   0.00000000e+00 ...,
          0.00000000e+00   0.00000000e+00   0.00000000e+00]
       [  1.13957307e-03   0.00000000e+00   0.00000000e+00 ...,
          0.00000000e+00   0.00000000e+00   0.00000000e+00]]

      ..., 
    [[  0.00000000e+00   0.00000000e+00   0.00000000e+00 ...,
          0.00000000e+00   0.00000000e+00   0.00000000e+00]
       [  0.00000000e+00   0.00000000e+00   0.00000000e+00 ...,
          0.00000000e+00   0.00000000e+00   4.72227220e-02]
       [  0.00000000e+00   0.00000000e+00   0.00000000e+00 ...,
          0.00000000e+00   0.00000000e+00   1.86533854e-01]
       ..., 
       [  0.00000000e+00   0.00000000e+00   0.00000000e+00 ...,
          0.00000000e+00   0.00000000e+00   1.86533854e-01]
       [  0.00000000e+00   0.00000000e+00   0.00000000e+00 ...,
          0.00000000e+00   0.00000000e+00   1.39864182e-01]
       [  0.00000000e+00   0.00000000e+00   0.00000000e+00 ...,
          0.00000000e+00   1.87039314e-01   8.30127287e-02]
    ]

    [[  2.48788478e-01   6.36536444e-01   8.20894574e-01 ...,
          8.20894574e-01   6.80842359e-01   2.93094392e-01]
       [  6.12641471e-01   1.15552363e+00   1.63924563e+00 ...,
          1.63924563e+00   1.13534042e+00   5.92458257e-01]
       [  4.69367368e-01   9.72177315e-01   1.55567568e+00 ...,
          1.51230950e+00   1.19504458e+00   6.92234632e-01]
       ..., 
       [  4.69367368e-01   9.72177315e-01   1.55069302e+00 ...,
          1.55567568e+00   1.19504458e+00   6.92234632e-01]
       [  3.29315153e-01   4.44377133e-01   8.39496607e-01 ...,
          8.43517373e-01   6.22938482e-01   5.07876502e-01]
       [  0.00000000e+00   0.00000000e+00   3.18362937e-02 ...,
          2.51663190e-02   1.68440422e-01   2.08512637e-01]]

    [[  5.84866171e-02   2.03425736e-01   5.18730247e-02 ...,
          5.18730247e-02   9.74305828e-02   0.00000000e+00]
       [  0.00000000e+00   0.00000000e+00   0.00000000e+00 ...,
          0.00000000e+00   0.00000000e+00   0.00000000e+00]
       [  2.95976440e-01   6.10567874e-01   8.94437364e-01 ...,
          9.30086801e-01   7.02505099e-01   3.87913665e-01]
       ..., 
       [  2.95976440e-01   6.10567874e-01   8.12966389e-01 ...,
          8.94437364e-01   7.02505099e-01   3.87913665e-01]
       [  3.41533999e-01   5.11186314e-01   9.17419822e-01 ...,
          9.46608514e-01   7.09118691e-01   5.39466376e-01]
       [  5.19842958e-01   8.62737269e-01   1.31427764e+00 ...,
          1.33363471e+00   9.17835929e-01   5.74941619e-01]]
  ]
]

